[bg.jpg]
rotate=rotate(2)
moddate=859c42d71b14d001
width=1901
height=1198
textactive=0
[bg5.jpg]
filters=Soften=1,100.000000,0.000000;
moddate=8c3745a11c14d001
width=1896
height=1192
textactive=0
